26744755
26738597
26738596
26738595
26738594
26738593
26738592
26738591
26738590
26738589
26738587
26738586
26738585
26738584
26738583
26738582
26738581
26738579
26738578
26738577
26738576
26738575
26738574
26738572
26738571
26738570
26735018
26735017
26735016
26735015
26735014
26735013
26735012
26735011
26727162
26727161
26727160
26709403
26701060
26701059
26701058
26701056
26701055
26701054
26701053
26701052
26701051
26701050
26701049
26701048
26701047
26701046
26701045
26701044
26701043
26701042
26701039
26701038
26701037
26701036
26701034
26701033
26701032
26701031
26701030
26701018
26701017
26701016
26701015
26700815
26700814
26700813
26700812
26700811
26700810
26700809
26700808
26700807
26700806
26700805
26689365
26689364
26689363
26682340
26677466
26675736
26675735
26675734
26675733
26675732
26675731
26675730
26675729
26675728
26675727
26675726
26675725
26675724
26675723
26675722
